207287.00375500 37.41203443 -6.00211974 25.32500000 0.92439997 0.81590003 1.57260001 2.64328034 2.28056309 0.00044706 -0.00132587 -0.00209382 0.00247830 0.00000175 -0.00000429 -0.00000053 -0.00011209 0.00000263 -0.00002280 3
207288.00375500 37.41203445 -6.00211980 25.31710000 0.92430001 0.81559998 1.57219994 2.64294235 2.28496302 0.00063943 0.00781810 -0.00064967 0.00784505 0.00000175 0.00000309 0.00000034 -0.00003186 0.00009051 0.00010271 3
207289.00375500 37.41203424 -6.00212105 25.27100000 0.92549998 0.83510000 1.57780004 2.64246287 2.29188086 0.00013375 0.00293146 0.00220256 0.00366670 0.00000230 -0.00000266 0.00000110 -0.00006886 -0.00010447 -0.00006543 3
207290.00375500 37.41203368 -6.00212213 25.32160000 0.91960001 0.82669997 1.57710004 2.64850420 2.30141054 359.98921410 -0.00945750 -0.00589072 0.01114204 -0.00000638 0.00001589 -0.00000096 0.00056730 -0.00121349 -0.00009028 3
207291.00375500 37.41203326 -6.00212154 25.29970000 0.92280000 0.92640001 1.58389997 2.63533669 2.30692444 359.89901239 -0.00130154 0.00083441 0.00154604 0.00000240 -0.00001675 0.00002747 -0.00015568 0.00009965 0.00006723 3
207292.00375500 37.41203324 -6.00212159 25.30660000 0.92280000 0.92640001 1.58369994 2.63377912 2.29976248 359.86398682 0.01776116 0.00062716 0.01777223 -0.00000390 0.00000868 -0.00000281 0.00038387 -0.00023183 0.00003164 3
207293.00375500 37.41203319 -6.00212162 25.31670000 0.92269999 0.92629999 1.58350003 2.64501741 2.30980023 359.88430526 0.01728363 -0.00032624 0.01728671 0.00000295 0.00000945 -0.00000498 -0.00008287 0.00004588 -0.00004549 3
207294.00375500 37.41203323 -6.00212158 25.29820000 0.92240000 0.92640001 1.57330000 2.64148636 2.34020861 359.89026058 -0.00446811 -0.00650530 0.00789196 0.00000324 0.00000105 0.00000025 -0.00010724 -0.00013557 0.00006873 3
207295.00375500 37.41203316 -6.00212162 25.31310000 0.92240000 0.92640001 1.57319999 2.64698879 2.34630982 359.89655537 -0.00951074 -0.00255289 0.00984741 0.00000308 -0.00000134 -0.00000290 0.00003810 -0.00017890 0.00003985 3
207296.00375500 37.41203311 -6.00212155 25.35370000 0.92240000 0.92650002 1.57299995 2.64855528 2.35185280 359.90368287 -0.01333615 -0.00218111 0.01351333 0.00000138 -0.00000446 -0.00000605 -0.00029556 -0.00010274 -0.00004478 3
207297.00375500 37.41203306 -6.00212145 25.33450000 0.92229998 0.92490000 1.57029998 2.64967239 2.34967497 359.89771803 -0.01405788 -0.00258797 0.01429411 0.00000488 0.00000165 0.00000045 -0.00025096 -0.00028621 0.00002341 3
207298.00375500 37.41203273 -6.00212108 25.34230000 0.92250001 0.92490000 1.57040000 2.65151107 2.33507671 359.88817358 -0.01451477 -0.00149689 0.01459176 0.00000090 0.00000170 -0.00000315 0.00021509 -0.00010501 0.00004811 3
207299.00375500 37.41203274 -6.00212110 25.34270000 0.92240000 0.92500001 1.57029998 2.65376319 2.32301549 359.89927931 -0.01462028 -0.00149143 0.01469615 -0.00000118 -0.00000428 0.00000574 0.00006702 -0.00002538 0.00000826 3
207300.00375500 37.41203285 -6.00212110 25.34350000 0.92259997 0.92510003 1.57070005 2.65771664 2.31391046 359.89716243 -0.01627328 0.00020520 0.01627458 0.00000401 -0.00000132 -0.00000219 0.00010603 0.00010973 -0.00008972 3
207301.00375500 37.41203281 -6.00212117 25.34510000 0.92250001 0.92490000 1.57019997 2.66136827 2.29174447 359.89314513 -0.01146060 0.00129818 0.01153389 0.00000094 0.00000315 0.00000366 -0.00003305 -0.00003837 -0.00004803 3
207302.00375500 37.41203270 -6.00212121 25.35340000 0.92250001 0.92500001 1.57019997 2.66093538 2.28234149 359.89211168 -0.00759159 0.00178135 0.00779779 0.00000342 -0.00000034 -0.00000145 0.00005276 0.00006394 0.00013604 3
207303.00375500 37.41203272 -6.00212125 25.35430000 0.92240000 0.92510003 1.56980002 2.66150038 2.27465988 359.89091497 -0.00463013 0.00300181 0.00551806 -0.00000403 0.00000053 -0.00000232 -0.00003506 -0.00024379 -0.00005346 3
207304.00375500 37.41203271 -6.00212127 25.35410000 0.92250001 0.92510003 1.56990004 2.66244935 2.26953694 359.89077273 -0.00406943 0.00340763 0.00530775 -0.00000041 0.00000626 0.00000300 0.00001605 0.00022299 0.00002638 3
207305.00375500 37.41203278 -6.00212134 25.35250000 0.92259997 0.92519999 1.57009995 2.66218197 2.26986029 359.88787126 -0.00283171 0.00216064 0.00356188 -0.00000033 0.00000222 -0.00000709 -0.00008837 -0.00028623 0.00008440 3
207306.00375500 37.41203271 -6.00212232 25.44350000 0.92220002 0.92189997 1.56470001 2.65891266 2.26850141 359.88701852 -0.00104741 -0.00175618 0.00204481 0.00000118 0.00000220 -0.00000720 -0.00002970 -0.00003319 0.00014791 3
207307.00375500 37.41203281 -6.00212236 25.43640000 0.92259997 0.92189997 1.56550002 2.65938922 2.26733177 359.88772715 -0.00053390 -0.00135929 0.00146038 -0.00000197 -0.00000203 -0.00000047 0.00002936 0.00017295 0.00014311 3
207308.00375500 37.41203275 -6.00212246 25.45080000 0.92240000 0.92199999 1.56490004 2.66124729 2.26602047 359.88891883 0.00017826 -0.00051751 0.00054735 -0.00000220 0.00000448 -0.00000340 -0.00010110 0.00009817 0.00005768 3
207309.00375500 37.41203279 -6.00212243 25.45170000 0.92240000 0.92210001 1.56459999 2.66097508 2.26625428 359.88862127 0.00100403 0.00071786 0.00123427 0.00000062 0.00000329 -0.00000221 0.00015339 -0.00006813 -0.00002509 3
207310.00375500 37.41203276 -6.00212244 25.44630000 0.92220002 0.92189997 1.56420004 2.66056419 2.26665356 359.88998246 -0.00171883 0.00093574 0.00195703 0.00000214 -0.00000062 -0.00000308 0.00016370 -0.00009796 -0.00002682 3
207311.00375500 37.41203282 -6.00212248 25.40570000 0.92220002 0.92199999 1.56420004 2.66837695 2.27428529 359.87929734 -0.00235963 -0.00065620 0.00244918 -0.00000003 0.00000111 0.00000625 -0.00054865 0.00033643 0.00006970 3
207312.00375500 37.41203282 -6.00212247 25.39930000 0.92229998 0.92199999 1.56410003 2.66353970 2.27325867 359.88298262 0.00044348 0.00010725 0.00045626 -0.00000080 -0.00000160 0.00000267 0.00013269 0.00004324 -0.00005038 3
207313.00375500 37.41203273 -6.00212258 25.39820000 0.92240000 0.92210001 1.56429994 2.66951831 2.27225756 359.88809409 0.00260760 0.00063315 0.00268336 0.00000354 0.00000513 0.00000191 0.00002365 -0.00016870 0.00005656 3
207314.00375500 37.41203271 -6.00212258 25.38940000 0.92229998 0.92199999 1.56389999 2.66801171 2.27580611 359.88990760 0.00324901 0.00086361 0.00336183 0.00000009 0.00000154 0.00000441 0.00009830 -0.00011661 0.00010446 3
207315.00375500 37.41203286 -6.00212260 25.35920000 0.92220002 0.92199999 1.56379998 2.66810672 2.27614831 359.89183460 0.00215858 0.00025983 0.00217416 -0.00000360 -0.00000204 -0.00000047 0.00007596 -0.00011051 0.00001405 3
207316.00375500 37.41203295 -6.00212262 25.35440000 0.92220002 0.92210001 1.56350005 2.65732719 2.27543968 359.86346493 0.00065348 0.00528318 0.00532344 -0.00000783 -0.00001604 0.00003904 -0.00120934 -0.00017577 -0.00017381 3
207317.00375500 37.41203355 -6.00212025 25.31470000 0.91700000 0.84480000 1.55789995 2.65970806 2.26787915 359.97074564 0.00701751 0.00177321 0.00723808 0.00001148 0.00000143 0.00000747 -0.00006430 0.00068781 0.00004390 3
207318.00375500 37.41203346 -6.00212069 25.33880000 0.91689998 0.84380001 1.55770004 2.65971787 2.27664153 359.97262949 0.00001500 0.00221944 0.00221949 -0.00000194 -0.00000465 -0.00000230 0.00039790 0.00028849 -0.00003607 3
207319.00375500 37.41203348 -6.00212094 25.34440000 0.91689998 0.84410000 1.55760002 2.65958737 2.27596407 359.97363110 0.00072605 0.00308554 0.00316981 -0.00000215 -0.00000422 -0.00000078 0.00014013 0.00008666 -0.00002173 3
207320.00375500 37.41203329 -6.00212150 25.34620000 0.91700000 0.84520000 1.55760002 2.66108186 2.27778814 359.97368503 0.00093869 0.00355027 0.00367227 -0.00000139 0.00000272 0.00000041 -0.00010705 -0.00000991 -0.00009412 3
207321.00375500 37.41203331 -6.00212128 25.33470000 0.91700000 0.84429997 1.55760002 2.65932279 2.27832220 359.97333994 -0.00006874 0.00197312 0.00197432 -0.00000595 0.00001704 -0.00000143 -0.00005500 -0.00023664 -0.00004834 3
207322.00375500 37.41203320 -6.00212134 25.31800000 0.91700000 0.84469998 1.55739999 2.65705448 2.27764014 359.97346302 0.00106137 0.00285042 0.00304161 -0.00000020 -0.00000607 -0.00000024 0.00015631 -0.00001872 -0.00015630 3
207323.00375500 37.41203312 -6.00212151 25.30540000 0.91689998 0.84420002 1.55719995 2.65558917 2.27722401 359.97266036 0.00249980 0.00314150 0.00401473 -0.00000117 0.00000293 -0.00000132 0.00011117 0.00003811 -0.00017719 3
207324.00375500 37.41203321 -6.00212114 25.27320000 0.91700000 0.84460002 1.55710006 2.65543714 2.27790153 359.97306078 0.00210288 0.00011145 0.00210583 0.00000382 0.00000087 -0.00000078 0.00000627 -0.00015211 -0.00005709 3
207325.00375500 37.41203320 -6.00212121 25.26480000 0.91689998 0.84350002 1.55690002 2.65455139 2.27893076 359.97253077 0.00109130 -0.00072891 0.00131234 0.00000155 -0.00000022 0.00000042 0.00003721 0.00000945 -0.00020261 3
207326.00375500 37.41203325 -6.00212142 25.26130000 0.91689998 0.84340000 1.55710006 2.65596769 2.28016941 359.97198637 0.00144067 -0.00015348 0.00144882 -0.00000355 -0.00000206 0.00000031 -0.00009462 -0.00009939 -0.00010386 3
207327.00375500 37.41202784 -6.00212158 26.53650000 0.89859998 0.84350002 1.50750005 2.65517259 2.28198267 359.97153786 0.00283943 -0.00006690 0.00284022 -0.00000236 0.00000076 0.00000248 -0.00001655 0.00004267 -0.00005116 3
207328.00375500 37.41202779 -6.00212158 26.54500000 0.89850003 0.84390002 1.50720000 2.65387250 2.28229000 359.97388067 0.00349331 -0.00070456 0.00356366 0.00000372 -0.00000098 0.00000020 -0.00001087 -0.00003567 0.00016854 3
207329.00375500 37.41202772 -6.00212178 26.53600000 0.89859998 0.84350002 1.50740004 2.65380505 2.28244333 359.97285019 0.00460717 0.00160568 0.00487896 -0.00000670 0.00000033 -0.00000066 -0.00004170 0.00003093 0.00002651 3
207330.00375500 37.41202777 -6.00212179 26.52360000 0.89829999 0.84340000 1.50689995 2.65190182 2.28381647 359.97223562 0.00314128 0.00311853 0.00442638 -0.00000019 0.00000141 0.00000118 -0.00005667 -0.00000896 0.00000352 3
207331.00375500 37.41202772 -6.00212219 26.52440000 0.89840001 0.84329998 1.50689995 2.65084480 2.28452729 359.97230569 0.00286167 0.00153577 0.00324772 0.00000090 0.00000065 0.00000107 0.00003518 -0.00005288 0.00011362 3
207332.00375500 37.41202734 -6.00212387 26.57810000 0.90340000 0.92210001 1.51170003 2.65123277 2.28537665 359.97172982 0.00201391 0.00013022 0.00201811 -0.00000452 -0.00000272 0.00000216 0.00010038 0.00004930 0.00013235 3
207333.00375500 37.41202665 -6.00212695 26.43170000 0.90270001 0.91310000 1.51020002 2.64974689 2.28659657 359.97171842 0.00077395 -0.00114189 0.00137946 0.00000156 -0.00000272 0.00000032 -0.00008513 0.00001104 -0.00004429 3
207334.00375500 37.41202661 -6.00212705 26.43200000 0.90259999 0.91289997 1.51010001 2.65268407 2.28523081 359.97022598 -0.00030078 -0.00059036 0.00066257 0.00000275 0.00000184 0.00000054 -0.00009254 -0.00009019 -0.00012161 3
207335.00375500 37.41202665 -6.00212706 26.41520000 0.90270001 0.91299999 1.50999999 2.65321834 2.28507243 359.96977569 -0.00080006 0.00077225 0.00111196 0.00000373 -0.00000141 -0.00000055 -0.00005487 -0.00011424 0.00010317 3
207336.00375500 37.41202670 -6.00212716 26.40350000 0.90270001 0.91299999 1.50989997 2.65146334 2.28488506 359.96984415 -0.00201422 0.00139517 0.00245022 -0.00000279 -0.00000152 -0.00000054 -0.00004409 -0.00004712 0.00012956 3
207337.00375500 37.41202664 -6.00212717 26.41570000 0.90280002 0.91310000 1.50989997 2.65179608 2.28430148 359.96919112 -0.00477781 0.00085268 0.00485330 0.00000101 0.00000206 -0.00000011 -0.00006656 -0.00001248 -0.00008981 3
207338.00375500 37.41202676 -6.00212719 26.39920000 0.90289998 0.91299999 1.51020002 2.65122545 2.28418467 359.96837119 -0.00688163 0.00059756 0.00690753 0.00000014 -0.00000207 -0.00000043 -0.00002313 -0.00009191 0.00002193 3
207339.00375500 37.41202672 -6.00212728 26.41190000 0.90280002 0.91310000 1.50989997 2.65293182 2.28419624 359.96572440 -0.00623271 0.00175044 0.00647385 0.00000057 0.00000412 -0.00001139 0.00022509 -0.00008310 -0.00014975 3
207340.00375500 37.41202677 -6.00212733 26.40080000 0.90280002 0.91310000 1.50969994 2.65151162 2.28404419 359.96710835 -0.00643441 0.00233046 0.00684344 0.00000209 0.00001052 -0.00000433 -0.00019718 -0.00003880 -0.00005630 3
207341.00375500 37.41202677 -6.00212737 26.40070000 0.90280002 0.91320002 1.50960004 2.65053146 2.28290144 359.96984861 -0.00592075 -0.00120550 0.00604223 0.00000339 0.00001638 -0.00000693 -0.00023105 -0.00038955 0.00007521 3
207342.00375500 37.41202683 -6.00212741 26.40570000 0.90280002 0.91310000 1.50969994 2.65044895 2.28264999 359.96810519 -0.00730222 -0.00106273 0.00737915 -0.00000562 0.00002029 -0.00000747 0.00011044 -0.00030745 -0.00031801 3
207343.00375500 37.41202691 -6.00212748 26.41730000 0.90270001 0.91310000 1.50919998 2.65125165 2.28082961 359.96487779 -0.00542947 -0.00218297 0.00585188 0.00000534 -0.00001389 0.00000479 -0.00008021 -0.00003258 -0.00029177 3
207344.00375500 37.41202699 -6.00212746 26.41740000 0.90270001 0.91320002 1.50899994 2.63524206 2.26826206 359.83236928 -0.01164346 -0.00653902 0.01335399 -0.00001507 -0.00001769 0.00001304 -0.00069472 0.00005014 0.00019615 3
207345.00375500 37.41202698 -6.00212753 26.40500000 0.90259999 0.91329998 1.50880003 2.63283264 2.27085506 359.82391395 -0.00139206 -0.00305263 0.00335506 0.00000066 -0.00002442 -0.00001994 0.00020966 0.00026384 0.00023853 3
207346.00375500 37.41202707 -6.00212759 26.39150000 0.90270001 0.91310000 1.50870001 2.63577523 2.26767242 359.78776027 -0.00133865 -0.00189449 0.00231971 -0.00000227 0.00000315 -0.00000073 -0.00000774 0.00002755 -0.00008608 3
207347.00375500 37.41202711 -6.00212756 26.39890000 0.90259999 0.91320002 1.50860000 2.63439501 2.26655573 359.78217810 -0.00111264 -0.00314402 0.00333510 -0.00000054 0.00000207 -0.00000094 0.00006475 0.00029778 -0.00004534 3
207348.00375500 37.41202706 -6.00212759 26.40510000 0.90270001 0.91320002 1.50860000 2.63326844 2.26702305 359.76963842 -0.00122967 0.00026423 0.00125774 -0.00000076 -0.00000336 0.00000361 -0.00022198 -0.00010964 0.00010560 3
207349.00375500 37.41202720 -6.00212768 26.39090000 0.90280002 0.91329998 1.50860000 2.63671194 2.26621578 359.77486982 -0.00123827 -0.00067588 0.00141072 -0.00000260 0.00000359 0.00000969 -0.00033036 -0.00057977 0.00007190 3
207350.00375500 37.41202715 -6.00212778 26.40120000 0.90270001 0.91320002 1.50839996 2.63969423 2.26522323 359.76531437 0.00051540 0.00102252 0.00114507 0.00000499 -0.00000607 -0.00000235 -0.00022104 0.00002645 0.00001975 3
207351.00375500 37.41202710 -6.00212786 26.40480000 0.90280002 0.91320002 1.50849998 2.64034929 2.26521964 359.76354937 -0.00096637 0.00314513 0.00329025 0.00000326 0.00000001 -0.00000647 0.00028078 -0.00009400 0.00005775 3
207352.00375500 37.41202713 -6.00212787 26.40420000 0.90289998 0.91329998 1.50849998 2.64163973 2.26401463 359.76242228 0.00065568 0.00094973 0.00115408 -0.00000108 0.00000044 0.00001132 0.00004190 -0.00010792 -0.00006951 3
207353.00375500 37.41202712 -6.00212794 26.41010000 0.90300000 0.91339999 1.50849998 2.64175175 2.26446447 359.75394924 0.00198933 0.00218851 0.00295753 0.00000174 0.00000662 0.00001491 -0.00051207 0.00004000 -0.00004384 3
207354.00375500 37.41202710 -6.00212801 26.42750000 0.90289998 0.91320002 1.50820005 2.63987336 2.26519232 359.75069636 0.00250056 0.00162383 0.00298154 0.00000206 0.00000141 -0.00000191 -0.00015786 0.00012647 -0.00000914 3
207355.00375500 37.41202708 -6.00212802 26.41490000 0.90289998 0.91329998 1.50829995 2.64397118 2.26329310 359.75352712 0.00279774 -0.00157067 0.00320848 -0.00000141 -0.00000748 -0.00000137 0.00019730 0.00021551 0.00002903 3
207356.00375500 37.41202698 -6.00212808 26.42930000 0.90289998 0.91329998 1.50800002 2.65964225 2.26862179 359.84639347 0.00379191 -0.00130829 0.00401126 0.00000467 -0.00001942 0.00001860 0.00015799 0.00003383 0.00005174 3
207357.00375500 37.41202709 -6.00212812 26.43210000 0.90280002 0.91339999 1.50759995 2.66776727 2.27726103 359.84945301 0.00057566 0.00001433 0.00057584 0.00000381 -0.00000575 0.00000665 0.00012165 -0.00020715 -0.00001260 3
207358.00375500 37.41202723 -6.00212810 26.43660000 0.90270001 0.91329998 1.50740004 2.66856157 2.27579375 359.85703750 -0.00063704 -0.00183112 0.00193876 0.00000337 -0.00000488 0.00002434 -0.00001526 -0.00050565 0.00004675 3
207359.00375500 37.41202718 -6.00212812 26.43740000 0.90270001 0.91329998 1.50730002 2.66730562 2.27481559 359.85346743 0.00193709 -0.00032152 0.00196359 0.00000489 -0.00000618 -0.00000061 0.00009376 0.00000526 0.00006227 3
207360.00375500 37.41202846 -6.00212808 26.14440000 0.94169998 0.91380000 1.60870004 2.65828173 2.27619886 359.82828153 0.00245577 -0.00129089 0.00277439 0.00000424 0.00000315 0.00002011 0.00032446 -0.00171719 -0.00024401 3
207361.00375500 37.41202810 -6.00212830 26.19490000 0.94190001 0.91390002 1.60889995 2.65174872 2.25960297 359.76490205 0.00534174 0.00014436 0.00534369 0.00000250 0.00000532 -0.00001146 0.00063194 -0.00067489 -0.00012089 3
207362.00375500 37.41202804 -6.00212842 26.21400000 0.94190001 0.91369998 1.60880005 2.64437550 2.25676174 359.76882586 0.00497660 -0.00773642 0.00919884 -0.00000586 0.00001151 -0.00001037 -0.00020979 -0.00013912 0.00024367 3
207363.00375500 37.41202807 -6.00212843 26.22800000 0.94209999 0.91380000 1.60899997 2.64695119 2.25321094 359.76665121 0.00613695 -0.01021226 0.01191437 -0.00000021 -0.00000803 -0.00001504 0.00003292 0.00002880 -0.00016394 3
207364.00375500 37.41202811 -6.00212845 26.23190000 0.94209999 0.91380000 1.60860002 2.65335490 2.25010137 359.77421954 0.00635622 -0.01192765 0.01351556 0.00001064 0.00001563 -0.00001070 -0.00017044 0.00056831 0.00073233 3
207365.00375500 37.41202806 -6.00212852 26.22790000 0.94209999 0.91390002 1.60839999 2.64622602 2.24953817 359.76302820 0.00521177 -0.01215524 0.01322544 0.00000326 -0.00001323 0.00000601 0.00039837 -0.00000374 0.00003891 3
207366.00375500 37.41202986 -6.00212793 26.39060000 0.92240000 0.91229999 1.59870005 2.64572482 2.24920832 359.76149324 0.00864754 -0.01198412 0.01477833 -0.00000032 -0.00000227 -0.00001005 -0.00015304 0.00023637 -0.00009892 3
207367.00375500 37.41202983 -6.00212798 26.36420000 0.92250001 0.91240001 1.59879994 2.65060004 2.24486946 359.76818696 0.00817272 -0.01128823 0.01393619 0.00000023 0.00000067 0.00000091 0.00036954 0.00000818 -0.00013806 3
207368.00375500 37.41202976 -6.00212805 26.33100000 0.92250001 0.91250002 1.59850001 2.65060678 2.24494740 359.76121111 0.00678883 -0.00976404 0.01189221 0.00000055 0.00000143 -0.00000104 0.00010213 0.00011770 0.00009983 3
207369.00375500 37.41202970 -6.00212815 26.30670000 0.92250001 0.91259998 1.59809995 2.65453619 2.24291832 359.76285541 0.00760188 -0.00635270 0.00990684 -0.00000085 -0.00000584 -0.00000582 -0.00024285 0.00004294 0.00009143 3
207370.00375500 37.41202956 -6.00212814 26.27870000 0.92240000 0.91240001 1.59790003 2.66575433 2.23778661 359.76162768 0.01047173 -0.00730159 0.01276598 -0.00000617 0.00003203 -0.00001179 -0.00049951 -0.00012925 -0.00012130 3
207371.00375500 37.41202954 -6.00212819 26.27760000 0.92240000 0.91250002 1.59780002 2.66882577 2.23857952 359.75994311 0.00915473 -0.00816229 0.01226508 0.00000088 -0.00000269 0.00000502 -0.00006834 0.00012406 0.00004504 3
207372.00375500 37.41202951 -6.00212831 26.24120000 0.92250001 0.91259998 1.59770000 2.67221519 2.23556702 359.76957230 0.01023340 -0.00833612 0.01319899 0.00001347 -0.00004674 0.00000415 0.00000421 0.00010898 0.00008658 3
207373.00375500 37.41202944 -6.00212848 26.22580000 0.92250001 0.91259998 1.59770000 2.67325896 2.23528335 359.76780881 0.01019193 -0.00905022 0.01363018 -0.00000389 0.00000133 0.00000567 -0.00021413 0.00013268 -0.00008431 3
207374.00375500 37.41202946 -6.00212862 26.20860000 0.92250001 0.91250002 1.59749997 2.67866328 2.23335265 359.76663756 0.01341766 -0.00825244 0.01575235 -0.00000660 0.00005884 0.00000284 -0.00020560 0.00037325 0.00002157 3
207375.00375500 37.41202953 -6.00212865 26.17930000 0.92250001 0.91259998 1.59749997 2.66595197 2.23748085 359.77328772 0.01487134 -0.00570027 0.01592638 0.00000610 -0.00001039 -0.00000258 -0.00017284 0.00064725 -0.00025839 3
207376.00375500 37.41202958 -6.00212881 26.15090000 0.92250001 0.91259998 1.59720004 2.67151292 2.23974815 359.76594557 0.01945204 -0.00991431 0.02183290 0.00000014 0.00000014 0.00000621 -0.00004116 0.00013656 -0.00004296 3
207377.00375500 37.41202982 -6.00212926 26.14020000 0.92259997 0.91270000 1.59720004 2.67961601 2.24043804 359.77215436 0.01868826 -0.01002491 0.02120731 0.00000426 -0.00001288 0.00000804 -0.00019519 0.00007199 -0.00000482 3
207378.00375500 37.41202988 -6.00212939 26.11490000 0.92259997 0.91259998 1.59710002 2.68766214 2.24183048 359.77351411 0.02044267 -0.00855061 0.02215887 -0.00000550 0.00003107 0.00000607 -0.00013811 0.00073317 0.00003666 3
207379.00375500 37.41202978 -6.00212949 26.08250000 0.92250001 0.91259998 1.59689999 2.69082930 2.24693946 359.77415550 0.01955465 -0.00870136 0.02140322 -0.00000094 -0.00000778 0.00000454 0.00012867 0.00019436 -0.00002006 3
207380.00375500 37.41202969 -6.00212955 26.04450000 0.92250001 0.91259998 1.59669995 2.69299613 2.24903360 359.78115863 0.02134613 -0.00478350 0.02187554 0.00000243 0.00001024 0.00000269 0.00020648 -0.00045971 -0.00010729 3
207381.00375500 37.41202968 -6.00212966 26.04160000 0.92259997 0.91270000 1.59660006 2.69359241 2.24885039 359.78857786 0.02016813 -0.00295379 0.02038329 0.00000471 -0.00000626 -0.00000351 -0.00001690 0.00015804 0.00009393 3
207382.00375500 37.41202966 -6.00212969 26.01860000 0.92259997 0.91259998 1.59660006 2.69505887 2.25145746 359.79678250 0.02020721 -0.00083394 0.02022441 -0.00000353 0.00000123 -0.00000287 0.00044855 0.00019990 -0.00000523 3
207383.00375500 37.41202976 -6.00212975 26.00820000 0.92250001 0.91270000 1.59640002 2.69716531 2.25392811 359.80754366 0.02036173 0.00287829 0.02056416 -0.00000103 -0.00000202 0.00000992 0.00007827 0.00008832 -0.00010737 3
207384.00375500 37.41202971 -6.00212988 25.98580000 0.92259997 0.91270000 1.59630001 2.69779811 2.25341924 359.81869775 0.02041883 0.00586831 0.02124537 -0.00000048 -0.00000636 0.00000101 0.00002643 -0.00032967 0.00005118 3
207385.00375500 37.41202964 -6.00212995 25.96280000 0.92269999 0.91280001 1.59630001 2.69654310 2.25514180 359.83584398 0.01803240 0.00723851 0.01943099 -0.00000178 0.00000850 -0.00000400 0.00003693 0.00001972 0.00025541 3
207386.00375500 37.41202959 -6.00213005 25.92800000 0.92259997 0.91270000 1.59619999 2.69495883 2.25618430 359.85082141 0.01772381 0.00840507 0.01961578 0.00000050 -0.00000441 -0.00000087 0.00000376 -0.00028282 -0.00024663 3
207387.00375500 37.41202957 -6.00213017 25.91160000 0.92269999 0.91270000 1.59609997 2.69026025 2.25610681 359.86415814 0.01819263 0.01073498 0.02112372 0.00000528 -0.00000756 -0.00000641 -0.00002449 0.00002249 -0.00008049 3
207388.00375500 37.41202801 -6.00213041 26.22700000 0.88239998 0.91240001 1.49450004 2.67460343 2.25385682 359.89446753 0.01691435 0.00986800 0.01958246 0.00001635 -0.00006876 0.00002103 0.00066523 -0.00115281 0.00007996 3
207389.00375500 37.41202799 -6.00213054 26.19600000 0.88260001 0.91250002 1.49460006 2.66236414 2.25835624 359.89901112 0.01595406 0.01103166 0.01939664 -0.00000339 -0.00000409 0.00000820 0.00017909 0.00056996 -0.00001322 3
207390.00375500 37.41202742 -6.00213156 26.17590000 0.87790000 0.90340000 1.49380004 2.66476837 2.25183701 359.92102753 0.01399964 0.00962318 0.01698810 0.00000063 -0.00000247 0.00000158 -0.00004315 0.00000392 -0.00001033 3
207391.00375500 37.41202758 -6.00213160 26.15910000 0.87800002 0.90350002 1.49389994 2.66147578 2.25208330 359.93820807 0.01232461 0.00739221 0.01437153 0.00000258 0.00000089 0.00000233 -0.00010957 0.00001615 0.00009218 3
207392.00375500 37.41202714 -6.00213112 26.12240000 0.87650001 0.90100002 1.49360001 2.65716592 2.25229576 359.94112388 0.01232314 0.00577544 0.01360939 -0.00000360 0.00000534 0.00000048 -0.00022860 -0.00002994 -0.00012309 3
207393.00375500 37.41202718 -6.00213117 26.09460000 0.87629998 0.90109998 1.49310005 2.65857016 2.25030006 359.96876572 0.01074116 0.00532962 0.01199072 -0.00000403 0.00000567 -0.00003176 0.00062909 0.00056957 -0.00007535 3
207394.00375500 37.41202722 -6.00213124 26.06510000 0.87629998 0.90090001 1.49310005 2.65048113 2.25255439 359.96969276 0.01380674 0.00769313 0.01580539 0.00001051 -0.00000226 0.00000752 -0.00041764 0.00065836 0.00022510 3
207395.00375500 37.41202738 -6.00213126 25.92620000 0.87589997 0.90100002 1.48619998 2.65134704 2.24738213 359.98198973 0.01215523 0.00492608 0.01311548 0.00000237 -0.00000247 -0.00001712 -0.00038555 -0.00052884 0.00007957 3
207396.00375500 37.41202746 -6.00213131 25.88230000 0.87589997 0.90100002 1.48590004 2.64294793 2.25008068 359.98830966 0.01188798 0.00825360 0.01447225 0.00000140 -0.00001419 0.00004114 -0.00033693 0.00113704 -0.00015130 3
207397.00375500 37.41202755 -6.00213137 25.87760000 0.87599999 0.90109998 1.48599994 2.63970542 2.24456788 359.99289243 0.01193243 0.00492856 0.01291021 -0.00000001 0.00001076 -0.00000400 -0.00099774 0.00043556 0.00024238 3
207398.00375500 37.41202758 -6.00213150 25.82830000 0.87559998 0.89999998 1.48380005 2.63917850 2.24499981 359.99708831 0.01321373 0.00295282 0.01353964 -0.00000142 0.00000957 -0.00001800 -0.00028764 0.00019409 0.00005835 3
207399.00375500 37.41202759 -6.00213154 25.80380000 0.87580001 0.90009999 1.48389995 2.64068942 2.24181451 0.00956107 0.01392132 0.00362972 0.01438673 0.00000043 -0.00000562 -0.00001529 -0.00013200 0.00000847 -0.00000391 3
207400.00375500 37.41202768 -6.00213164 25.77610000 0.87589997 0.90009999 1.48360002 2.63103256 2.24445620 359.99464756 0.01340887 0.00910834 0.01620986 -0.00000348 0.00001293 -0.00000445 0.00005224 0.00023970 -0.00004035 3
207401.00375500 37.41202774 -6.00213166 25.73930000 0.87620002 0.90030003 1.48360002 2.64565326 2.24465292 0.12929852 0.01880351 0.00787732 0.02038686 0.00001085 -0.00000888 -0.00003559 -0.00046181 0.00074090 0.00017145 3
207402.00375500 37.41202785 -6.00213168 25.69050000 0.87570000 0.90020001 1.48319995 2.63946798 2.24937972 0.13704367 0.01758314 0.01122186 0.02085898 -0.00000325 0.00000208 0.00000118 0.00016327 -0.00001993 -0.00016068 3
207403.00375500 37.41202792 -6.00213182 25.65410000 0.87629998 0.90030003 1.48360002 2.63709495 2.25084472 0.13811783 0.01988636 0.01413698 0.02439921 -0.00000239 0.00000338 0.00000129 0.00007677 0.00002172 -0.00016083 3
207404.00375500 37.41202790 -6.00213199 25.59930000 0.87620002 0.90020001 1.48319995 2.62674512 2.24603295 0.15914707 0.01938160 0.01341058 0.02356884 -0.00000119 0.00000142 0.00000019 -0.00006376 0.00005544 0.00011125 3
207405.00375500 37.41202803 -6.00213197 25.56480000 0.87620002 0.90030003 1.48329997 2.61728027 2.24417358 0.17659278 0.01846267 0.01328735 0.02274696 -0.00000346 -0.00000303 -0.00000048 0.00015799 0.00003160 -0.00007210 3
207406.00375500 37.41202794 -6.00213273 25.45780000 0.87639999 0.89810002 1.48010004 2.61947252 2.23410250 0.04294950 0.02356889 0.01093726 0.02598300 0.00000065 0.00000349 0.00000015 0.00008168 0.00020777 0.00004643 3
207407.00375500 37.41202788 -6.00213285 25.40290000 0.87599999 0.89819998 1.47979999 2.60664322 2.23247980 0.07628227 0.01912741 0.01028764 0.02171850 0.00000554 -0.00000726 0.00000109 0.00003416 0.00003630 0.00017545 3
207408.00375500 37.41202775 -6.00213301 25.37310000 0.87599999 0.89819998 1.47950006 2.60231227 2.22944856 0.08685960 0.01927920 0.00822777 0.02096148 -0.00000064 -0.00000086 -0.00000098 0.00013099 0.00014933 -0.00015744 3
207409.00375500 37.41202768 -6.00213302 25.33640000 0.87620002 0.89829999 1.47979999 2.59966821 2.22959687 0.09867936 0.01744727 0.00794640 0.01917166 0.00000012 0.00000131 0.00000183 -0.00008837 -0.00012969 0.00005451 3
207410.00375500 37.41202770 -6.00213318 25.29730000 0.87610000 0.89810002 1.47950006 2.59623714 2.22989829 0.10994106 0.01946382 0.00724846 0.02076970 0.00000175 0.00000033 -0.00000079 -0.00011863 -0.00009332 0.00010073 3
207411.00375500 37.41202780 -6.00213324 25.26380000 0.87610000 0.89819998 1.47950006 2.59118247 2.22916411 0.12183747 0.01744005 0.00574732 0.01836265 -0.00000606 0.00000413 -0.00000449 0.00012768 0.00023300 0.00020627 3
207412.00375500 37.41202782 -6.00213328 25.22510000 0.87650001 0.89829999 1.47969997 2.58746113 2.23268822 0.12680777 0.01702435 0.00614868 0.01810068 0.00000360 0.00000196 0.00000082 -0.00016471 -0.00023189 0.00001364 3
207413.00375500 37.41202790 -6.00213310 25.17930000 0.87620002 0.89829999 1.47950006 2.58420985 2.23178731 0.13387717 0.01523388 0.00361108 0.01565602 0.00000198 0.00000098 -0.00000125 -0.00000715 0.00040140 0.00028146 3
207414.00375500 37.41202808 -6.00213311 25.14510000 0.87610000 0.89819998 1.47940004 2.58258908 2.23256107 0.13897232 0.01347453 0.00349363 0.01392008 -0.00000377 -0.00000086 0.00000037 -0.00006583 -0.00033683 -0.00010108 3
207415.00375500 37.41202823 -6.00213318 25.09170000 0.87650001 0.89829999 1.47950006 2.57352068 2.23559921 0.13906926 0.01123576 0.00474245 0.01219562 -0.00000030 0.00000554 0.00000004 -0.00013090 0.00012582 0.00009171 3
207416.00375500 37.41202834 -6.00213326 25.05630000 0.87650001 0.89829999 1.47940004 2.57280872 2.23544818 0.14088115 0.01070665 0.00441249 0.01158026 -0.00000203 -0.00000868 -0.00000225 0.00015996 0.00011455 0.00014324 3
207417.00375500 37.41202852 -6.00213331 25.01170000 0.87639999 0.89840001 1.47930002 2.57205808 2.23491512 0.14534110 0.00964182 0.00389418 0.01039853 -0.00000073 0.00000532 -0.00000008 -0.00003617 -0.00012283 -0.00010087 3
207418.00375500 37.41202862 -6.00213340 24.95290000 0.87639999 0.89829999 1.47940004 2.57188080 2.23415628 0.14674553 0.00910178 0.00489810 0.01033604 -0.00000485 -0.00000011 -0.00000355 -0.00032694 0.00014979 0.00004102 3
207419.00375500 37.41202875 -6.00213345 24.91350000 0.87650001 0.89829999 1.47930002 2.56963530 2.23490250 0.14863839 0.00856772 0.00410570 0.00950066 0.00000079 0.00000347 -0.00000052 0.00007384 0.00009925 -0.00006004 3
207420.00375500 37.41202885 -6.00213344 24.87660000 0.87639999 0.89840001 1.47909999 2.56906740 2.23376399 0.15416501 0.00518323 0.00365448 0.00634201 -0.00000073 0.00000184 -0.00000106 -0.00000903 -0.00011514 -0.00000965 3
207421.00375500 37.41202893 -6.00213347 24.84060000 0.87620002 0.89840001 1.47909999 2.56685284 2.23435062 0.15447352 0.00571742 0.00484160 0.00749200 0.00000155 0.00000022 -0.00000009 0.00003992 -0.00003688 0.00024917 3
207422.00375500 37.41202914 -6.00213346 24.79660000 0.87650001 0.89840001 1.47940004 2.56645925 2.23362444 0.15693951 0.00655147 0.00484011 0.00814546 -0.00000159 -0.00000206 0.00000024 0.00009342 0.00002774 -0.00005936 3
207423.00375500 37.41202928 -6.00213344 24.76780000 0.87610000 0.89859998 1.47870004 2.56450862 2.23288192 0.16179734 0.00685177 0.00375904 0.00781519 -0.00000181 0.00000336 0.00000077 -0.00002035 -0.00005444 -0.00020586 3
207424.00375500 37.41202948 -6.00213336 24.74250000 0.87580001 0.89850003 1.47809994 2.56380754 2.23181311 0.16492178 0.00666726 0.00362635 0.00758965 -0.00000105 -0.00000109 -0.00000085 0.00000093 0.00005393 0.00008966 3
207425.00375500 37.41202963 -6.00213347 24.72910000 0.87650001 0.89870000 1.47870004 2.56395674 2.23031867 0.16554775 0.00915889 0.00494553 0.01040882 -0.00000333 0.00000022 -0.00000020 -0.00000153 -0.00000941 0.00005280 3
207426.00375500 37.41202983 -6.00213344 24.69420000 0.87650001 0.89850003 1.47889996 2.56291383 2.22950426 0.17359605 0.00950449 0.00455598 0.01054003 0.00000123 -0.00000000 -0.00000043 0.00008504 0.00005977 -0.00008906 3
207427.00375500 37.41203002 -6.00213335 24.67230000 0.87699997 0.89850003 1.48080003 2.56132718 2.22914204 0.17998651 0.00694737 0.00390905 0.00797161 0.00000025 0.00000130 -0.00000054 0.00016413 0.00001440 -0.00008383 3
207428.00375500 37.41203134 -6.00213320 24.38710000 0.86629999 0.89840001 1.45229995 2.56207027 2.22768283 0.18143824 0.00756238 0.00334348 0.00826852 -0.00000311 -0.00000174 -0.00000054 -0.00002616 -0.00012079 0.00002299 3
207429.00375500 37.41203157 -6.00213326 24.33580000 0.86589998 0.89859998 1.45210004 2.56063576 2.22594452 0.18587739 0.00785520 0.00381238 0.00873146 0.00000232 -0.00000098 -0.00000131 0.00002997 0.00012632 -0.00010240 3
207430.00375500 37.41203195 -6.00213330 24.29780000 0.86570001 0.89850003 1.45140004 2.56039880 2.22536587 0.19174859 0.00606659 0.00238923 0.00652012 0.00000188 0.00000010 -0.00000001 -0.00003380 -0.00015066 0.00002233 3
207431.00375500 37.41203242 -6.00213328 24.23390000 0.86659998 0.89859998 1.45379996 2.56001962 2.22433586 0.19332579 0.00739216 0.00462429 0.00871941 -0.00000028 -0.00000456 -0.00000132 -0.00014219 0.00000041 -0.00017749 3
207432.00375500 37.41203252 -6.00213333 24.22280000 0.86600000 0.89859998 1.45179999 2.55932620 2.22345179 0.19957643 0.00789677 0.00477130 0.00922628 0.00000080 0.00000325 0.00000041 -0.00005008 0.00018015 -0.00003877 3
207433.00375500 37.41203273 -6.00213342 24.16910000 0.86680001 0.89859998 1.45360005 2.55845297 2.22289164 0.20692547 0.00951553 0.00461771 0.01057680 0.00000341 -0.00000174 -0.00000046 0.00004381 -0.00006170 0.00007076 3
207434.00375500 37.41203245 -6.00213648 23.99180000 0.86589998 0.89349997 1.45159996 2.55769528 2.22304591 0.21336671 0.00841693 0.00449143 0.00954031 -0.00000050 -0.00000229 -0.00000058 -0.00011092 -0.00010202 -0.00005413 3
207435.00375500 37.41203268 -6.00213647 23.95020000 0.86600000 0.89349997 1.45210004 2.55770820 2.22321382 0.21745690 0.00687772 0.00351923 0.00772580 -0.00000137 0.00000043 0.00000115 0.00012295 0.00001938 0.00006674 3
207436.00375500 37.41203304 -6.00213645 23.88880000 0.86570001 0.89359999 1.45109999 2.55728325 2.22323260 0.21015438 0.00482625 0.00260543 0.00548461 -0.00000158 0.00000140 -0.00000155 -0.00014001 0.00000954 0.00020568 3
207437.00375500 37.41203322 -6.00213653 23.87920000 0.86570001 0.89370000 1.45089996 2.55740787 2.22153736 0.21395932 0.00553028 0.00394811 0.00679497 -0.00000071 -0.00000164 -0.00000014 0.00000255 -0.00009450 -0.00007928 3
207438.00375500 37.41203344 -6.00213660 23.82390000 0.86610001 0.89359999 1.45140004 2.55732167 2.22129881 0.21962259 0.00747234 0.00520314 0.00910541 0.00000026 0.00000195 0.00000018 0.00011094 0.00017116 0.00005237 3
207439.00375500 37.41203375 -6.00213656 23.77360000 0.86580002 0.89359999 1.45109999 2.55716030 2.22100243 0.22649101 0.00839013 0.00459340 0.00956523 0.00000254 0.00000053 0.00000050 -0.00002155 0.00000055 -0.00017580 3
207440.00375500 37.41203395 -6.00213663 23.76290000 0.86659998 0.89370000 1.45249999 2.55653183 2.22072938 0.23353302 0.00987578 0.00421424 0.01073736 -0.00000516 0.00000053 -0.00000048 0.00008462 0.00011788 -0.00005781 3
207441.00375500 37.41203426 -6.00213663 23.70190000 0.86729997 0.89380002 1.45410001 2.55635272 2.22172843 0.24208109 0.01032574 0.00356152 0.01092270 0.00000309 0.00000086 0.00000038 -0.00007540 0.00005835 -0.00014722 3
207442.00375500 37.41203448 -6.00213675 23.65160000 0.86690003 0.89359999 1.45309997 2.55599743 2.22155577 0.25002503 0.01082456 0.00341414 0.01135021 -0.00000136 0.00000031 0.00000091 -0.00002513 -0.00018132 0.00026063 3
207443.00375500 37.41203476 -6.00213676 23.61150000 0.86690003 0.89370000 1.45299995 2.55423135 2.22178674 0.25908789 0.00814221 0.00094562 0.00819693 0.00000038 -0.00000175 -0.00000007 -0.00011595 -0.00006427 -0.00003217 3
207444.00375500 37.41203502 -6.00213675 23.54770000 0.86680001 0.89370000 1.45249999 2.55364842 2.22196141 0.26535125 0.00877040 0.00208380 0.00901455 0.00000125 0.00000107 -0.00000040 0.00013351 -0.00000658 0.00005958 3
207445.00375500 37.41203542 -6.00213671 23.47900000 0.86720002 0.89380002 1.45330000 2.55230668 2.22130153 0.27314569 0.00948222 0.00169714 0.00963290 -0.00000060 -0.00000055 -0.00000008 0.00001132 0.00010884 0.00000318 3
207446.00375500 37.41203592 -6.00213664 23.41440000 0.86680001 0.89370000 1.45229995 2.55224713 2.22066611 0.28039182 0.00605967 0.00214596 0.00642843 -0.00000266 -0.00000175 -0.00000009 -0.00001564 0.00006247 -0.00006975 3
207447.00375500 37.41203634 -6.00213668 23.36600000 0.86739999 0.89370000 1.45360005 2.55205150 2.22057998 0.28584668 0.00451451 0.00162639 0.00479853 -0.00000027 0.00000302 0.00000023 -0.00011955 0.00013282 0.00006923 3
207448.00375500 37.41203676 -6.00213662 23.31110000 0.86720002 0.89380002 1.45299995 2.55218198 2.22022747 0.29078428 0.00457653 0.00177865 0.00491001 -0.00000342 -0.00000034 -0.00000184 0.00000318 -0.00010638 0.00010894 3
207449.00375500 37.41203695 -6.00213660 23.26660000 0.86720002 0.89389998 1.45299995 2.55231592 2.21822200 0.29625973 0.00612641 0.00091897 0.00619495 0.00000277 -0.00000132 -0.00000010 0.00006328 0.00005442 -0.00026933 3
207450.00375500 37.41203722 -6.00213651 23.26280000 0.86650002 0.89380002 1.45070004 2.55116928 2.21897283 0.30221337 0.00791294 0.00321099 0.00853962 0.00000527 -0.00000066 -0.00000043 -0.00014574 -0.00009785 -0.00006917 3
207451.00375500 37.41203762 -6.00213645 23.21320000 0.86610001 0.89380002 1.45029998 2.55159872 2.21759954 0.31029460 0.00786536 0.00587875 0.00981955 -0.00000515 -0.00000001 -0.00000153 0.00011490 -0.00005807 0.00018591 3
207452.00375500 37.41203786 -6.00213644 23.18940000 0.86650002 0.89399999 1.45089996 2.55115264 2.21671364 0.31961693 0.00571853 0.00601018 0.00829601 -0.00000135 0.00000139 -0.00000034 0.00011624 -0.00004608 -0.00020289 3
207453.00375500 37.41203791 -6.00213654 23.18010000 0.86669999 0.89429998 1.45079994 2.55001816 2.21692739 0.32801816 0.00520537 0.00659052 0.00839826 -0.00000016 0.00000183 0.00000096 -0.00006676 0.00013778 0.00016047 3
207454.00375500 37.41203836 -6.00213645 23.10610000 0.86720002 0.89389998 1.45260000 2.54939101 2.21641946 0.33644177 0.00535633 0.00650702 0.00842802 -0.00000059 -0.00000305 0.00000117 0.00010983 -0.00002063 -0.00002535 3
207455.00375500 37.41203867 -6.00213644 23.08900000 0.86629999 0.89389998 1.45029998 2.54844049 2.21585532 0.34577484 0.00626649 0.00791689 0.01009684 -0.00000081 -0.00000002 -0.00000112 0.00001857 0.00007889 -0.00003252 3
207456.00375500 37.41203896 -6.00213638 23.04920000 0.86629999 0.89399999 1.45009995 2.54728810 2.21582091 0.35610734 0.00689306 0.00743041 0.01013534 0.00000440 -0.00000045 0.00000039 -0.00011698 -0.00007715 -0.00000184 3
207457.00375500 37.41203925 -6.00213627 23.01050000 0.86640000 0.89429998 1.45000005 2.54706319 2.21466578 0.36750906 0.00768010 0.00707769 0.01044402 0.00000234 -0.00000414 0.00000169 0.00003001 -0.00006533 -0.00006257 3
207458.00375500 37.41203952 -6.00213629 22.98480000 0.86240000 0.83840001 1.44599998 2.54546556 2.21426804 0.37754906 0.00836722 0.00821916 0.01172881 0.00000462 -0.00000056 -0.00000082 0.00000511 0.00001709 -0.00001641 3
207459.00375500 37.41203971 -6.00213620 22.97860000 0.86189997 0.83829999 1.44509995 2.54501356 2.21289550 0.38981296 0.00745035 0.00829363 0.01114863 0.00000245 -0.00000197 -0.00000072 -0.00007849 -0.00006699 0.00002510 3
207460.00375500 37.41204009 -6.00213620 22.93500000 0.86699998 0.89429998 1.45109999 2.54424884 2.21146984 0.40145786 0.00594208 0.00958704 0.01127917 -0.00000243 -0.00000176 -0.00000040 -0.00003609 -0.00008871 0.00004200 3
207461.00375500 37.41204043 -6.00213614 22.86960000 0.86739999 0.89429998 1.45220006 2.54266973 2.21130934 0.41241640 0.00741811 0.00893902 0.01161613 0.00000170 0.00000085 0.00000057 -0.00003043 -0.00000859 -0.00003875 3
207462.00375500 37.41204091 -6.00213604 22.81390000 0.86760002 0.89410001 1.45280004 2.54046269 2.21073338 0.42471770 0.00869789 0.00809737 0.01188362 0.00000050 -0.00000230 0.00000002 0.00000828 -0.00007752 0.00027570 3
207463.00375500 37.41204133 -6.00213595 22.74790000 0.86760002 0.89420003 1.45239997 2.53983087 2.20953719 0.43887771 0.00876448 0.00698365 0.01120658 -0.00000069 -0.00000154 -0.00000173 0.00002684 0.00015669 -0.00014962 3
207464.00375500 37.41204157 -6.00213585 22.70760000 0.86809999 0.89429998 1.45340002 2.53883984 2.20888660 0.45271753 0.00916039 0.00578795 0.01083573 0.00000333 0.00000019 -0.00000087 -0.00000545 -0.00003849 -0.00003808 3
207465.00375500 37.41204177 -6.00213584 22.66280000 0.86739999 0.89440000 1.45140004 2.53799155 2.20930628 0.46747753 0.00731561 0.00471969 0.00870595 -0.00000069 0.00000312 -0.00000066 0.00024953 -0.00009356 0.00005514 3
207466.00375500 37.41204056 -6.00213628 22.42940000 0.85630000 0.89340001 1.44620001 2.53631875 2.20910745 0.77165267 0.00551380 0.00378692 0.00668900 -0.00000176 0.00000452 0.00000024 -0.00005865 -0.00000541 0.00003342 3
207467.00375500 37.41204082 -6.00213629 22.38940000 0.85640001 0.89359999 1.44599998 2.53543965 2.20954756 0.78159579 0.00598550 0.00467832 0.00759690 0.00000280 0.00000191 0.00000034 0.00000548 0.00003572 -0.00002556 3
207468.00375500 37.41204115 -6.00213615 22.33130000 0.85670000 0.89370000 1.44690001 2.53293172 2.20950457 0.79579183 0.00312767 0.00464542 0.00560020 0.00000150 -0.00000644 -0.00000130 0.00006883 -0.00010317 -0.00010338 3
207469.00375500 37.41204145 -6.00213615 22.30060000 0.85589999 0.89380002 1.44439995 2.53247562 2.20702641 0.80385808 0.00255978 0.00366951 0.00447412 -0.00000490 0.00000528 -0.00000217 -0.00020876 -0.00013636 -0.00007263 3
207470.00375500 37.41204158 -6.00213608 22.28540000 0.85549998 0.89359999 1.44350004 2.53073061 2.20500815 0.81232899 0.00176080 0.00187497 0.00257214 -0.00000013 0.00000126 -0.00000022 -0.00005747 -0.00004787 0.00025391 3
207471.00375500 37.41204178 -6.00213602 22.24660000 0.85600001 0.89359999 1.44459999 2.52972912 2.20376754 0.81843329 0.00375447 0.00057087 0.00379763 0.00000009 -0.00000557 0.00000097 0.00012727 -0.00005612 -0.00014392 3
207472.00375500 37.41204191 -6.00213595 22.22300000 0.85560000 0.89370000 1.44309998 2.52928389 2.20259208 0.82789322 0.00327653 -0.00052393 0.00331815 0.00000259 -0.00000004 -0.00000131 0.00003323 0.00012294 -0.00001082 3
207473.00375500 37.41204197 -6.00213594 22.21040000 0.85500002 0.89330000 1.44260001 2.52719956 2.20292223 0.83396469 0.00156131 -0.00119993 0.00196914 -0.00000164 -0.00000134 -0.00000012 0.00002443 0.00004602 0.00013683 3
207474.00375500 37.41204206 -6.00213601 22.22260000 0.85439998 0.89330000 1.44099998 2.52640621 2.20234116 0.84040669 0.00371322 -0.00147939 0.00399707 -0.00000425 0.00000246 -0.00000131 -0.00000318 -0.00004165 0.00005339 3
207475.00375500 37.41204219 -6.00213604 22.19190000 0.85470003 0.89330000 1.44159997 2.52556848 2.20169945 0.84669917 0.00466386 -0.00115965 0.00480587 0.00000346 0.00000408 0.00000009 -0.00001295 0.00010912 0.00020290 3
207476.00375500 37.41204228 -6.00213600 22.17360000 0.85490000 0.89330000 1.44210005 2.52262765 2.20132442 0.85405122 0.00628128 -0.00235465 0.00670812 -0.00000132 0.00000072 -0.00000089 0.00010840 -0.00000650 0.00001184 3
207477.00375500 37.41204235 -6.00213616 22.15640000 0.85509998 0.89349997 1.44219995 2.51877919 2.20317754 0.86298182 0.00674990 -0.00259413 0.00723123 0.00000031 -0.00000091 -0.00000176 0.00005793 0.00011750 -0.00012888 3
207478.00375500 37.41204244 -6.00213615 22.12680000 0.85490000 0.89330000 1.44169998 2.51655113 2.20459809 0.87058209 0.00836315 -0.00095935 0.00841799 0.00000172 0.00000007 -0.00000220 0.00009927 0.00000492 0.00001564 3
207479.00375500 37.41204255 -6.00213613 22.11320000 0.85490000 0.89349997 1.44149995 2.51396917 2.20568712 0.88013476 0.00990973 0.00056324 0.00992573 -0.00000273 -0.00000015 -0.00000112 -0.00001648 0.00003017 -0.00006857 3
207480.00375500 37.41204273 -6.00213623 22.10610000 0.85470003 0.89370000 1.44099998 2.50868025 2.20485078 0.89304961 0.01028155 -0.00024638 0.01028451 0.00000205 0.00000224 -0.00000232 -0.00011186 -0.00010803 0.00002825 3
207481.00375500 37.41204281 -6.00213630 22.11930000 0.85589999 0.89429998 1.44270003 2.50841815 2.20352419 0.89874870 0.01483426 0.00054783 0.01484437 -0.00000305 -0.00000167 -0.00000167 0.00000414 0.00017299 -0.00001499 3
207482.00375500 37.41204307 -6.00213615 22.09010000 0.85610002 0.89480001 1.44299996 2.49966077 2.20268096 0.92078912 0.01434699 -0.00104681 0.01438513 -0.00000175 -0.00000319 -0.00000071 0.00005458 0.00010512 0.00014688 3
207483.00375500 37.41204311 -6.00213606 22.10070000 0.85490000 0.89380002 1.44079995 2.49902116 2.20381234 0.92953329 0.01787593 0.00068147 0.01788891 -0.00000001 0.00000332 -0.00000191 0.00002015 0.00014533 -0.00015678 3
207484.00375500 37.41204325 -6.00213581 22.10250000 0.85500002 0.89450002 1.44000006 2.49553358 2.20497533 0.94454565 0.01970278 0.00129711 0.01974543 -0.00000109 -0.00000254 -0.00000007 0.00005642 0.00000511 0.00026291 3
207485.00375500 37.41204327 -6.00213572 22.08560000 0.85579997 0.89420003 1.44210005 2.49688841 2.20808655 0.95418939 0.02364773 0.00268180 0.02379931 -0.00000163 0.00000462 0.00000003 -0.00004252 -0.00000000 -0.00010489 3
207486.00375500 37.41204355 -6.00213546 22.05650000 0.85600001 0.89399999 1.44260001 2.48400005 2.20830022 0.99019260 0.02128537 0.00171182 0.02135409 -0.00000098 -0.00000427 -0.00000141 0.00001196 -0.00007567 -0.00001176 3
207487.00375500 37.41204367 -6.00213540 22.05960000 0.85530001 0.89410001 1.44060004 2.47707820 2.20907922 1.01926012 0.01967290 0.00151713 0.01973131 -0.00000141 0.00000007 -0.00000262 0.00004899 -0.00004408 0.00006266 3
207488.00375500 37.41204366 -6.00213534 22.04460000 0.85560000 0.89380002 1.44149995 2.46975048 2.20923963 1.04358182 0.02088482 0.00223186 0.02100373 -0.00000184 0.00000104 0.00000116 -0.00004263 0.00005784 -0.00001473 3
207489.00375500 37.41204381 -6.00213519 22.01450000 0.85560000 0.89389998 1.44099998 2.45806012 2.20698855 1.08004548 0.01930043 0.00004846 0.01930049 -0.00000477 -0.00000363 -0.00000038 -0.00008005 0.00004558 -0.00002164 3
207490.00375500 37.41204401 -6.00213500 21.98200000 0.85530001 0.89359999 1.44029999 2.45261851 2.20890710 1.11162466 0.01750862 -0.00061112 0.01751928 -0.00000053 0.00000278 -0.00000203 -0.00006580 0.00012695 -0.00006281 3
207491.00375500 37.41204448 -6.00213443 21.92720000 0.85200000 0.88709998 1.44000006 2.44896946 2.21109220 1.13375871 0.01860823 -0.00142092 0.01866240 0.00000120 -0.00000081 0.00000045 -0.00013519 -0.00004420 0.00021430 3
207492.00375500 37.41204455 -6.00213447 21.92420000 0.85079998 0.88529998 1.43910003 2.44065343 2.21169838 1.16520815 0.01588047 -0.00459741 0.01653256 -0.00000259 -0.00000015 -0.00000369 0.00003755 0.00005229 -0.00019238 3
207493.00375500 37.41204491 -6.00213417 21.95700000 0.85060000 0.88540000 1.43900001 2.43557677 2.21547548 1.18981040 0.01491578 -0.00386723 0.01540896 0.00000262 0.00000104 -0.00000208 0.00010972 -0.00009549 0.00024503 3
207494.00375500 37.41204503 -6.00213401 21.96860000 0.85000002 0.88499999 1.43770003 2.43147916 2.21768094 1.20853463 0.01519617 -0.00355605 0.01560670 0.00000078 -0.00000265 -0.00000090 -0.00014060 -0.00008619 0.00007845 3
207495.00375500 37.41204503 -6.00213390 21.93960000 0.84979999 0.88499999 1.43299997 2.42487450 2.21731382 1.23026177 0.01425935 -0.00479169 0.01504292 0.00000219 0.00000082 -0.00000265 -0.00013313 -0.00004611 -0.00001966 3
207496.00375500 37.41204493 -6.00213383 21.95980000 0.84979999 0.88510001 1.43299997 2.41446581 2.21907564 1.48182094 0.01112815 -0.00674482 0.01301262 0.00000589 -0.00000342 -0.00000003 0.00001928 -0.00001759 -0.00000510 3
207497.00375500 37.41204495 -6.00213371 21.97450000 0.85079998 0.88550001 1.43480003 2.40993925 2.22109518 1.49843394 0.01045892 -0.00624105 0.01217948 -0.00000094 -0.00000125 -0.00000341 0.00000862 -0.00000838 -0.00025227 3
207498.00375500 37.41204504 -6.00213374 22.00800000 0.85039997 0.88489997 1.43280005 2.40426637 2.22499275 1.52097462 0.00857622 -0.00501741 0.00993610 0.00000166 0.00000103 -0.00000071 -0.00015183 -0.00004338 -0.00010616 3
207499.00375500 37.41204517 -6.00213361 22.00250000 0.85049999 0.88459998 1.43270004 2.39946781 2.22796661 1.53891547 0.00814590 -0.00492864 0.00952088 -0.00000094 -0.00000049 -0.00000213 0.00015953 -0.00004830 0.00012914 3
207500.00375500 37.41204508 -6.00213337 22.03500000 0.85009998 0.88470000 1.43159997 2.39407358 2.23259474 1.55118686 0.00609510 -0.00342128 0.00698966 -0.00000094 -0.00000353 -0.00000268 -0.00009759 -0.00008113 0.00015981 3
207501.00375500 37.41204514 -6.00213318 22.03670000 0.84990001 0.88459998 1.43099999 2.39047769 2.23549466 1.56433268 0.00554404 -0.00152305 0.00574944 0.00000470 -0.00000027 -0.00000192 0.00006091 0.00003148 0.00014071 3
207502.00375500 37.41204509 -6.00213305 22.03740000 0.85039997 0.88480002 1.43200004 2.38813221 2.23538350 1.57784471 0.00420301 -0.00182617 0.00458259 -0.00000029 -0.00000212 -0.00000008 0.00007231 -0.00019974 0.00010916 3
207503.00375500 37.41204513 -6.00213290 22.04290000 0.85009998 0.88459998 1.43139994 2.38481538 2.23635000 1.58979309 0.00468194 -0.00086899 0.00476191 -0.00000115 0.00000277 -0.00000074 -0.00009387 0.00002847 -0.00013038 3
207504.00375500 37.41204525 -6.00213270 22.05010000 0.84979999 0.88459998 1.43069994 2.38219422 2.23514317 1.60202544 0.00724669 -0.00172589 0.00744937 -0.00000061 -0.00000157 -0.00000302 0.00008797 -0.00009762 0.00018077 3
207505.00375500 37.41204523 -6.00213254 22.07260000 0.85000002 0.88459998 1.43069994 2.37809945 2.23565059 1.62266293 0.00717069 -0.00281738 0.00770431 -0.00000289 0.00000135 -0.00000194 -0.00012142 0.00003924 0.00004708 3
207506.00375500 37.41204523 -6.00213235 22.08190000 0.85020000 0.88470000 1.43060005 2.37308346 2.23872402 1.63843409 0.00586061 -0.00467715 0.00749817 -0.00000094 0.00000504 0.00000130 -0.00006129 -0.00005153 -0.00000221 3
207507.00375500 37.41204513 -6.00213337 22.13030000 0.85009998 0.88309997 1.42830002 2.36945470 2.24027997 1.64831232 0.00681531 -0.00511647 0.00852213 -0.00000647 0.00000114 -0.00000174 0.00003258 0.00006807 0.00002549 3
207508.00375500 37.41204502 -6.00213325 22.14720000 0.85030001 0.88330001 1.42850006 2.36402979 2.24261504 1.66391663 0.00776672 -0.00482385 0.00914283 0.00000048 -0.00000060 -0.00000164 0.00005481 0.00007998 -0.00009731 3
207509.00375500 37.41204502 -6.00213307 22.16450000 0.85020000 0.88319999 1.42820001 2.36243035 2.24526892 1.67468658 0.00691858 -0.00486243 0.00845636 0.00000297 -0.00000114 -0.00000153 0.00001397 -0.00004731 0.00002840 3
207510.00375500 37.41204486 -6.00213303 22.19760000 0.84990001 0.88330001 1.42760003 2.36148376 2.24823236 1.68267529 0.00676037 -0.00312281 0.00744678 -0.00000310 -0.00000038 -0.00000088 0.00018283 0.00002183 -0.00006011 3
207511.00375500 37.41204489 -6.00213294 22.20440000 0.85020000 0.88319999 1.42789996 2.35588519 2.24850298 1.70611725 0.00676290 -0.00255647 0.00722996 -0.00000093 0.00000114 -0.00000220 -0.00002351 0.00003848 0.00015068 3
207512.00375500 37.41204480 -6.00213272 22.22240000 0.85000002 0.88340002 1.42750001 2.35634333 2.24831590 1.71248129 0.00759443 -0.00312737 0.00821315 -0.00000006 -0.00000081 -0.00000252 0.00001251 0.00004031 0.00012956 3
207513.00375500 37.41204482 -6.00213261 22.24980000 0.84969997 0.88330001 1.42700005 2.35185560 2.25010020 1.73179284 0.00538546 -0.00173692 0.00565863 0.00000092 0.00000081 0.00000007 0.00013344 0.00011293 -0.00020641 3
207514.00375500 37.41204486 -6.00213251 22.26130000 0.84990001 0.88349998 1.42729998 2.35007979 2.25076908 1.74553949 0.00607734 -0.00044709 0.00609376 -0.00000201 0.00000049 -0.00000275 0.00007917 -0.00004056 0.00025163 3
207515.00375500 37.41204489 -6.00213227 22.28800000 0.85000002 0.88319999 1.42739999 2.34545275 2.25075393 1.77234370 0.00510005 0.00083157 0.00516740 -0.00000342 -0.00000060 -0.00000071 -0.00002773 0.00004410 -0.00015296 3
207516.00375500 37.41204481 -6.00213211 22.31700000 0.84960002 0.88319999 1.42659998 2.34582399 2.25010918 1.78319987 0.00789289 0.00063840 0.00791867 0.00000146 0.00000233 -0.00000179 -0.00003380 0.00002032 -0.00008525 3
207517.00375500 37.41204485 -6.00213204 22.31680000 0.85030001 0.88349998 1.42789996 2.34126719 2.24907650 1.81336614 0.00673886 -0.00071833 0.00677703 0.00000135 -0.00000103 -0.00000137 0.00011033 0.00003472 -0.00011996 3
207518.00375500 37.41204491 -6.00213187 22.32370000 0.85009998 0.88380003 1.42690003 2.34043729 2.24860836 1.83093123 0.00793473 -0.00020713 0.00793743 0.00000114 -0.00000082 -0.00000127 -0.00010486 0.00004740 -0.00020352 3
207519.00375500 37.41204513 -6.00213156 22.34640000 0.85049999 0.88370001 1.42770004 2.33751274 2.25017479 1.85397429 0.01055666 0.00028234 0.01056043 0.00000233 0.00000255 -0.00000117 0.00007445 -0.00009617 -0.00007718 3
207520.00375500 37.41204522 -6.00213125 22.38870000 0.85030001 0.88370001 1.42729998 2.33533303 2.24984940 1.87905849 0.01119944 0.00022337 0.01120167 -0.00000157 -0.00000082 -0.00000205 -0.00001176 -0.00004942 -0.00006465 3
207521.00375500 37.41204524 -6.00213103 22.40430000 0.85030001 0.88389999 1.42709994 2.33202159 2.24961839 1.91201255 0.01321433 0.00000416 0.01321433 0.00000168 0.00000049 -0.00000250 -0.00005142 0.00014862 -0.00017967 3
207522.00375500 37.41204562 -6.00213015 22.41230000 0.85039997 0.88400000 1.42700005 2.32960513 2.24995875 1.93665817 0.01572857 -0.00131061 0.01578308 -0.00000168 -0.00000093 -0.00000219 -0.00000894 0.00010410 0.00012739 3
207523.00375500 37.41204566 -6.00212988 22.43000000 0.85009998 0.88360000 1.42670000 2.32619550 2.25098952 1.97650007 0.01494576 -0.00112989 0.01498841 -0.00000439 0.00000428 -0.00000210 -0.00013879 -0.00010333 -0.00010771 3
207524.00375500 37.41204583 -6.00212978 22.45420000 0.85009998 0.88349998 1.42649996 2.32145172 2.25158169 2.01625682 0.01593909 -0.00304682 0.01622768 -0.00000211 0.00000298 -0.00000288 0.00000481 -0.00005351 0.00009582 3
207525.00375500 37.41204592 -6.00212953 22.47810000 0.85039997 0.88360000 1.42700005 2.31911225 2.25254365 2.04552311 0.01549845 -0.00320084 0.01582552 -0.00000330 -0.00000299 -0.00000116 0.00009785 -0.00010697 0.00017658 3
207526.00375500 37.41204701 -6.00212927 22.23720000 0.89099997 0.88370001 1.52880001 2.31090101 2.25459479 2.21141585 0.01160815 -0.00238616 0.01185086 0.00000279 -0.00000147 -0.00000062 0.00007102 0.00018416 0.00011329 3
207527.00375500 37.41204700 -6.00212914 22.25410000 0.89080000 0.88349998 1.52839994 2.30767320 2.25609713 2.23922919 0.01259939 -0.00204336 0.01276401 0.00000040 -0.00000115 -0.00000194 -0.00010380 -0.00010800 0.00000190 3
207528.00375500 37.41205111 -6.00212870 21.35820000 0.88569999 0.88360000 1.51530004 2.30319161 2.25851078 2.28168635 0.01130903 -0.00057243 0.01132351 0.00000008 -0.00000061 -0.00000011 0.00001393 -0.00008294 -0.00004317 3
207529.00375500 37.41205110 -6.00212850 21.40390000 0.88569999 0.88370001 1.51530004 2.30079850 2.25919128 2.30738841 0.01102652 0.00175889 0.01116593 0.00000073 0.00000145 -0.00000132 0.00012035 0.00005628 -0.00002018 3
207530.00375500 37.41205120 -6.00212830 21.42820000 0.88569999 0.88380003 1.51499999 2.29406327 2.25809496 2.34591557 0.01044778 0.00133480 0.01053270 -0.00000220 -0.00000061 -0.00000101 0.00001091 -0.00018572 -0.00002253 3
207531.00375500 37.41205141 -6.00212805 21.45050000 0.88540000 0.88349998 1.51470006 2.29058700 2.25909850 2.37296457 0.00943698 0.00139343 0.00953930 -0.00000025 0.00000048 -0.00000254 0.00004326 0.00004677 0.00001698 3
207532.00375500 37.41205143 -6.00212792 21.48540000 0.88590002 0.88380003 1.51540005 2.28595857 2.25944264 2.39760964 0.00686372 0.00138950 0.00700295 -0.00000111 0.00000048 -0.00000103 -0.00000989 -0.00007845 0.00008051 3
207533.00375500 37.41205149 -6.00212767 21.51240000 0.88590002 0.88380003 1.51530004 2.27924668 2.25754163 2.43237639 0.00603285 0.00003686 0.00603297 0.00000171 -0.00000180 -0.00000040 -0.00008737 -0.00010209 0.00003419 3
207534.00375500 37.41205156 -6.00212774 21.53890000 0.88580000 0.88080001 1.51409996 2.27601169 2.25781920 2.45126264 0.00575371 -0.00021178 0.00575760 0.00000334 -0.00000224 -0.00000323 -0.00002579 0.00013509 -0.00000560 3
207535.00375500 37.41205139 -6.00212762 21.57670000 0.88580000 0.88069999 1.51409996 2.27341936 2.25872992 2.47041590 0.00786397 -0.00031672 0.00787034 0.00000019 -0.00000387 -0.00000204 -0.00016444 0.00007091 0.00001602 3
207536.00375500 37.41205128 -6.00212749 21.59550000 0.88590002 0.88069999 1.51419997 2.26651582 2.25999797 2.50312922 0.00677800 -0.00109533 0.00686593 0.00000291 0.00000427 -0.00000249 -0.00006933 -0.00000590 -0.00004959 3
207537.00375500 37.41205116 -6.00212748 21.62940000 0.88609999 0.88069999 1.51460004 2.26405595 2.26101523 2.52007891 0.00593433 -0.00255381 0.00646051 0.00000302 -0.00000256 -0.00000054 -0.00007053 -0.00002142 -0.00007809 3
207538.00375500 37.41205119 -6.00212739 21.64120000 0.88609999 0.88090003 1.51429999 2.26069741 2.26217560 2.53891588 0.00449827 -0.00207809 0.00495509 -0.00000469 -0.00000039 -0.00000478 -0.00010713 -0.00002061 -0.00020901 3
207539.00375500 37.41205126 -6.00212708 21.67090000 0.88630003 0.88080001 1.51429999 2.25822256 2.26357338 2.56112844 0.00194781 -0.00254471 0.00320461 0.00000389 0.00000178 -0.00000120 0.00012057 -0.00002241 -0.00012632 3
207540.00375500 37.41205102 -6.00212702 21.70770000 0.88559997 0.88059998 1.51320004 2.25822554 2.26483712 2.57146339 0.00143773 -0.00258503 0.00295795 -0.00000013 -0.00000332 -0.00000077 -0.00000312 -0.00000789 -0.00007699 3
207541.00375500 37.41205109 -6.00212685 21.72710000 0.88559997 0.88069999 1.51320004 2.25699569 2.26492081 2.58438149 0.00063196 -0.00210347 0.00219635 0.00000052 0.00000069 -0.00000186 -0.00029580 0.00002285 -0.00017441 3
207542.00375500 37.41205099 -6.00212680 21.76290000 0.88559997 0.88069999 1.51310003 2.25695503 2.26456682 2.59711867 0.00135357 -0.00363410 0.00387800 -0.00000132 -0.00000018 -0.00000056 0.00011553 0.00000152 0.00007937 3
207543.00375500 37.41205106 -6.00212666 21.79340000 0.88559997 0.88059998 1.51300001 2.25571671 2.26381038 2.61004243 0.00424741 -0.00394330 0.00579569 -0.00000262 -0.00000050 -0.00000414 -0.00010342 -0.00015649 -0.00012973 3
207544.00375500 37.41205100 -6.00212661 21.84700000 0.88569999 0.88069999 1.51289999 2.25376062 2.26662811 2.62491780 0.00622198 -0.00414389 0.00747562 0.00000313 0.00000286 -0.00000002 -0.00012126 0.00008375 -0.00011860 3
207545.00375500 37.41205092 -6.00212655 21.87660000 0.88569999 0.88069999 1.51279998 2.25089414 2.26760355 2.64341295 0.00537692 -0.00431526 0.00689440 -0.00000327 -0.00000061 -0.00000242 0.00009685 -0.00008502 -0.00015612 3
207546.00375500 37.41205096 -6.00212645 21.92130000 0.88569999 0.88080001 1.51259995 2.24818842 2.26952626 2.66375893 0.00430579 -0.00568073 0.00712815 0.00000128 0.00000102 -0.00000210 0.00004895 0.00008516 -0.00008929 3
207547.00375500 37.41205100 -6.00212627 21.94690000 0.88559997 0.88059998 1.51250005 2.24723047 2.27122942 2.67904981 0.00521206 -0.00474916 0.00705125 -0.00000175 -0.00000018 -0.00000145 -0.00001531 -0.00004111 0.00014915 3
207548.00375500 37.41205093 -6.00212609 21.98220000 0.88569999 0.88069999 1.51240003 2.24397337 2.27311057 2.69833905 0.00393581 -0.00487255 0.00626357 -0.00000164 -0.00000159 -0.00000222 -0.00009506 -0.00006986 -0.00020584 3
207549.00375500 37.41205074 -6.00212604 22.01890000 0.88580000 0.88080001 1.51269996 2.24211348 2.27493591 2.71890906 0.00489362 -0.00446743 0.00662612 0.00000248 0.00000091 0.00000038 0.00010608 0.00008679 0.00001934 3
207550.00375500 37.41205082 -6.00212592 22.03050000 0.88569999 0.88080001 1.51220000 2.24049821 2.27629020 2.73525498 0.00522650 -0.00352863 0.00630615 -0.00000218 -0.00000115 -0.00000212 -0.00006670 0.00005437 -0.00000908 3
207551.00375500 37.41205087 -6.00212575 22.07130000 0.88559997 0.88069999 1.51209998 2.23949346 2.27890080 2.75356799 0.00422382 -0.00463440 0.00627043 0.00000335 0.00000308 -0.00000278 -0.00007807 -0.00015083 0.00003597 3
207552.00375500 37.41205087 -6.00212573 22.10720000 0.88569999 0.88069999 1.51199996 2.23738450 2.27968032 2.77450225 0.00262855 -0.00358826 0.00444802 0.00000346 -0.00000083 -0.00000257 -0.00012924 -0.00000046 0.00016664 3
207553.00375500 37.41205091 -6.00212548 22.12730000 0.88569999 0.88080001 1.51180005 2.23678646 2.28025808 2.79094350 0.00155558 -0.00271045 0.00312512 0.00000324 -0.00000365 -0.00000181 -0.00013306 0.00008723 -0.00016955 3
207554.00375500 37.41205091 -6.00212532 22.15480000 0.88559997 0.88080001 1.51129997 2.23640336 2.28120411 2.80673885 0.00301559 0.00013121 0.00301844 0.00000324 0.00000058 -0.00000160 0.00007791 -0.00002196 0.00000224 3
207555.00375500 37.41205099 -6.00212508 22.17470000 0.88580000 0.88080001 1.51150000 2.23583532 2.27970327 2.82478292 0.00379010 0.00333822 0.00505061 -0.00000251 -0.00000061 -0.00000226 0.00028113 -0.00006266 -0.00000820 3
207556.00375500 37.41205095 -6.00212484 22.18870000 0.88620001 0.88110000 1.51199996 2.23261914 2.28215686 3.06931586 -0.00106803 0.00480479 0.00492206 0.00000206 0.00000177 -0.00000023 -0.00000405 0.00017142 0.00024504 3
207557.00375500 37.41205096 -6.00212460 22.21910000 0.88569999 0.88080001 1.51139998 2.23453432 2.27975631 3.05305003 0.00407273 0.00430217 0.00592417 -0.00000413 0.00001273 -0.00001758 0.00007534 0.00006211 -0.00022677 3
